68086063
62060009
27350049
62464629
96251387
53776765
31081070
10540989
64065095
37861848
49578245
42504758
76271408
51249300
84070346
21032193
20279112
39251621
28214195
70724336
77906863
34482583
92093809
37495731
11009922
39575838
37449877
30978068
87480755
94152153
41155132
52591336
77592024
44246379
25708127
13214744
67629663
86101626
31611310
92935372
85646477
30165408
10840556
82729507
95437115
57666352
10017346
74483935
83318255
60670789
63461311
88499093
37528703
96448043
41012737
93814338
60104532
58595104
10938439
52903084
85083049
20749110
16472679
74220514
15554892
45962054
55436020
44174982
27568174
50014028
54097668
30378715
11037817
49779876
36334682
69612829
88406181
59312250
11788622
56511066
96464809
98166453
41695085
23489645
15742576
35125890
49038910
85285013
88816493
76321144
27098400
30400177
34113221
17132013
20820303
12550298
83051179
41394645
62197765
38892445
14748490
50392273
54169533
30152723
87941467
79893084
52174226
80075167
43356557
31984966
14988804
45666501
67453705
93195999
57880353
84452147
53513993
12924524
80308745
14852804
71800452
45856230
82757827
99618910
17091321
77834161
80866843
69331461
89926747
42266306
42925091
67122629
24955032
33246298
10864457
13224136
58566728
65334934
45102215
46140015
19926828
43285249
62933405
49700079
80798480
34998126
52034231
53661453
76897585
54879046
55677864
80712733
48851107
30033715
76102169
76265421
82250484
21924728
54079966
38604812
73941070
57834595
73067029
27313856
96000657
49597253
70737180
40305174
36136533
16258045
14108819
13666404
66378551
46625817
42876322
93848104
46510401
32963328
75787889
53982814
57208863
62831225
80695548
19668566
39627963
61523038
12240634
58659399
28731705
90427036
93095887
16994380
39784169
51741371
93107922
43115519
92731862
91671564
21296682
22513585
93301627
58330606
46548561
31470403
71931925
89675324
17161018
67075236
97901332
48651479
77798287
67768807
75607595
69343947
32820115
13989503
28554630
12225824
26599067
38273307
85300800
29556584
86923928
40415642
79297536
89113205
16836903
28733310
31221836
91601998
84524669
37868357
71933812
56967640
99219632
63532476
27597581
88184573
86015285
37492485
72452464
29728243
22200529
53724743
82451214
51117187
70540608
88407303
64697184
66690823
40516360
91586858
46560829
43004836
47036730
98374613
41346188
99431325
27458499
48522769
67813928
57960077
18476064
73916056
63055068
15436225
95016368
57257229
30181552
48890661
54228095
22648183
26854167
61243156
92370081
17780277
10354989
77551494
31904520
79897248
76781316
87135632
52140146
29945027
48860429
49459889
20179708
60284021
93097383
13326606
80627034
33325007
62316866
24615304
67901173
32576902
93623824
67903336
52990827
24885561
14688649
30684903
44270458
81325197
18839100
50099178
69782799
33189777
59155588
87174522
84955795
48524709
73518763
96771273
77060696
56223622
24402089
73003202
35760559
87716215
92954762
90811467
30980758
74710156
85464685
66999706
41222294
72991528
26498225
81490699
61281446
14870281
87679095
84709893
50194240
55079224
68989685
78268716
22097438
48049464
18770090
48996152
69723037
60787468
66423307
44067422
51369160
81416182
18988442
27683934
56905856
61051354
87369889
62304441
59045189
43613890
89447051
14867841
17488163
34916091
88432608
34446408
82977083
56630364
15572955
36760378
69557997
90857382
10888746
50753607
23439263
31166215
76320066
85836152
78956333
36241465
60658012
18358883
84223853
61074191
87988538
60551261
71987952
89983869
73404907
41282468
61130991
13119824
35247201
87494059
44630472
27037287
55263980
46767461
86552743
39435677
15641031
57363372
93100126
28700452
33802249
16779477
21815254
48608087
72548231
32993238
16456464
15977132
14008807
52277761
48604726
34639173
90434754
21486319
87603421
36730277
53530997
31383544
47818458
55925247
66840837
95815390
66286782
84612266
84731692
42156297
33893103
29841074
71068164
40515693
74592996
23214984
89340879
45015303
91948668
92434521
39348193
84216711
35355516
97606268
92267690
39987592
50133284
64827396
48855908
63204858
20088172
39037813
82701397
80855201
80981088
78118804
14939073
87852854
36214677
75202775
90800240
55535403
85476039
89163516
30288599
12466828
46256912
28970166
43809510
54035585
71651783
38918017
14716910
54117360
49118707
72373655
20843564
28355391
12585323
65135099
25913590
73284151
45002251
94228530
66070272
90931076
33031701
86849681
28181579
71595481
11279009
32982322
27416748
74305584
53161282
80345984
63474933
55173551
99191479
62741746
63576514
22635046
28175819
10750549
92712929
19599029
58462538
49599553
51727327
56716299
10431520
65089709
49748267
88991945
10205199
16266783
83697130
65466500
34813196
23773180
62021718
94586089
41847351
86807037
55618515
18466556
13573442
35351440
89904889
57419693
67714945
28590934
87960923
94230939
85058801
31140346
73154772
82302399
12323383
83379279
56422999
63016352
63420985
60045908
11910731
96993664
94013830
13905414
24245211
13007447
73221014
12121100
79876394
84735614
56325722
16466290
55399797
90861254
42301022
96429582
53734084
24787749
20461719
81966339
31801293
24190732
21021007
39335139
24971877
88848724
37619626
70602352
39819939
30314326
32170836
73970427
64041619
18647193
41209673
39917294
79804948
93368230
24579264
98050661
81434063
35950328
71484213
92704886
38309588
25938832
44401425
47944977
79835731
14874276
81260537
93182595
44952563
18023543
36585776
73224213
97257426
28613444
75323690
43125969
11149722
22932436
84792750
71745636
19089967
65243686
31896863
17485900
66368751
45896838
16626584
82824313
76402736
10339799
17983853
90564775
85817507
95870943
88332584
32122411
55492162
92084335
12127038
50733602
23509150
41836105
84225714
79659758
85784787
32805419
63940951
14523855
83850398
65393788
52392370
17978010
86002437
18487570
59460861
23530292
49943710
66819784
93860221
86631528
34324277
49158971
98448514
97588228
32828923
77671414
91900450
65964481
27374190
51964441
54234095
25741059
70402636
94307807
24568718
59957574
72038306
53679973
76353621
60242743
69335155
47980169
95845375
93718239
62479489
79160430
53466890
76941562
64922299
22979867
21961774
65886822
71778626
21607747
99419831
92047514
12463519
48598539
56905703
88797674
43000183
51605484
18848043
51886831
32407105
31248005
82093152
91445251
54727264
34165156
19421894
37440397
60030273
58726758
13608787
25139767
24096069
76773521
72735284
13598176
78557421
46451444
35998569
59240224
24270784
89403758
19150023
74954299
13224055
40116438
67198013
44852398
80852633
58939749
32442234
21601192
22300390
78128834
81468203
74968744
77857897
18860073
93318754
81395380
19804337
52135735
62471698
34857907
66043673
98042068
18784695
69005800
99224642
85769149
12841747
55377931
10383266
54421036
89888402
20235525
49087798
31486503
94209487
11940169
78387667
77443938
32154927
71117002
65630490
71973202
42740779
64425500
42637066
24592464
79914668
52203307
79595568
36039653
51775119
69986706
97303801
29101240
87994312
11668889
97568168
65463185
56374946
36637262
16876258
67027209
59169316
27885118
81178982
19776465
47297168
63770960
92888795
13546245
86546367
72078402
45293992
22877892
79968434
34919307
59591023
86811023
55562874
28040387
89853671
42624685
67910247
11543786
83289841
44321035
13723079
46931171
61387237
98681468
39131004
13670020
10271288
72498465
68749753
91590989
73351111
50900324
54025049
54063286
76666562
34074910
91209692
92081697
26745400
55016921
97106430
35789498
53790767
22101110
52283951
18262447
15791441
44051568
47186612
36590628
13474503
95253815
70626565
69106859
90420333
96114221
16150474
63980847
60225790
30479920
98256247
79932904
96532621
74548896
64454132
36356860
38258933
98032846
60445972
69898683
78423782
81078448
33224178
93731511
18067634
48029534
80952648
22424463
74535092
22487223
33939821
44567913
39670237
95673760
94004333
11483134
40433116
48704876
61635142
99299918
60947817
34006104
18368829
64087669
73786671
52681005
76420955
28585878
43788372
48124168
67197832
73879539
90881574
43615798
71473218
46156063
74116963
36907321
26943098
39215818
17887781
62561384
75952779
82990780
45290290
88137560
81665245
18232249
16612611
65089152
49812080
18372159
28930369
84546400
57396188
75919467
19283046
92440243
71086408
16604139
64566126
55535771
48639662
98080486
44952763
31611563
62827831
69952197
44725363
87634215
73966139
40384091
74873463
42698484
33598531
77428767
41516926
41196462
81065657
36069780
72815437
40173912
79714862
39771081
41317013
59828142
85131720
64844412
56374249
29135127
37738438
24861146
29859674
67581751
51063346
83873506
64082993
20148256
24792482
52047207
26770632
26684200
96674474
22653876
39216901
90398293
33316833
88983497
23296628
26651253
34470286
98987332
72750720
41900491
88100464
61580379
82145614
21597667
83739047
88486534
37788855
21641095
17842498
57909946
39387615
75679690
84875238
84464207
99581174
14882625
25043095
49853955
72166923
49490386
93895078
30547991
57982472
46296868
44817207
33904791
25975502
70155574
17325166
35710135
85003886
67278731
98754742
88725849
59669120
79567278
47564459
31421988
75266480
45308270
10077331
12470745
33035262
90122193
28061280
45771346
67365771
49454587
38938449
68481320
76773732
93412264
89968084
83116708
56662201
95222507
99060256
29251980
98742673
81981545
46666334
42305909
74520870
56778943
35543570
23787151
67258769
92865668
75148696
32715011
25435354
72523784
26419432
80126511
73588621
13699267
46288920
61176306
20954678
15006382
78789424
85499030
96342155
89072574
55993881
77694889
56063742
57349556
56154231
46548296
40336392
47585568
76501031
97134111
94352531
90777856
47773915
95778476
11228993
29824560
79783012
81532244
61533306
75734059
94552613
30032882
11456470
57608383
26305174
94049206
18445292
19957618
27520740
21844505
95005768
72756624
52046518
48514684
58344954
39140562
18274571
71963484
46093131
56749101
94734271
40348340
86902027
68391476
89534893
46209008
79088774
41970090
25641325
75772297
84281493
89427752
97067070
83479888
75647207
79183359
97291901
64402529
96883243
46866136
70822970
15724493
32086262
20720685
64404682
16978531
69101811
92630651
36531437
32214285
19060947
45205778
35089918
29000415
48753578
87262114
90589482
55779814
26149724
94859836
74101051
28416765
58630277
91451723
99730270
88027478
12776470
67742483
56914421
12115721
22641140
62181089
37229701
26061516
31542695
62820392
99057025
19009017
82002097
69683255
13972934
27098189
70824432
67389749
62400888
72817049
24134001
95230680
31324435
20517633
58520433
50597490
68147844
30309265
46211465
32753303
66097663
30692119
67225861
28080517
11121692
72118043
52321107
34662957
83474204
99439100
13579799
59362786
16891594
18304937
85737180
33113501
77259133
98327288
44915300
19497962
66555686
16968307
84000374
20261996
16772667
22248359
41327608
32427322
81524304
30347143
89723229
80892435
42155069
46810893
19001654
83367812
26437903
93877049
65871436
24652098
58587036
98808377
85074563
91907167
79713840
88157748
36290012
62824745
89891807
37871795
94647188
25009951
89338234
68724012
11651306
40069905
70607388
31724589
49383934
48633683
35581796
85461666
73576277
14282909
90936253
15307075
56664057
34446210
28228184
25810493
89434763
62501819
95764154
29617694
58471280
95129203
50069231
38264773
78508402
15195237
40551235
18622378
61345987
97021687
45706194
92088579
41141658
90250806
57495096
37194800
71402759
91965915
89229770
48715594
28952074
66372569
54123274
34178154
53029362
41173707
52314837
75485804
33971960
36421401
98413249
88976815
66130024
92592195
30352287
36703336
16298234
79250381
70458656
83123875
70390719
35334600
56678419
78874584
27811511
10623352
89820876
77656614
92392575
35908135
30480289
33721391
14715943
12220165
72391695
41893282
70316090
99275512
54653945
60870231
51179402
41306254
97171952
15637076
26350500
26441804
56748192
73747618
35739527
59183257
94447319
26079923
41662866
36856593
27642659
30911352
96133414
26185949
57575944
66868111
35791993
34733245
94912990
67853338
88220538
29006887
12267589
40413867
95593052
45637897
18973894
45924571
25765570
43833643
64638088
92038778
80672389
58754736
74953772
38519648
77784741
52622651
23272133
24806626
91528137
61259183
41044087
93783136
38577780
86473742
80350251
10191996
60512711
73538307
87094636
12782821
75530221
56790779
71258849
73795793
56332198
38337645
56749927
21450761
93281396
78257339
43758283
30299678
62397020
81033520
68943137
12396857
35608793
87692201
30719171
72846480
95356259
31118033
52987497
18462581
89185157
78149218
63486984
21407491
94154582
64657005
11707789
38726288
41523500
29027766
31709784
29411084
89538311
50422000
21896677
41177683
72985953
30207499
69036292
55666202
56656944
46278547
89690033
12942296
42477192
66813733
66439426
88760786
75756508
23374734
48589625
91022145
67642340
66075521
77377913
71835041
10331419
15449973
43373334
32385817
25300192
68920217
41839877
34486018
44232636
90348661
20521714
76573845
21545155
63477534
32007793
38697910
90718099
63502613
23850956
18726999
88814330
86830910
69688955
19796234
84349364
63042680
85710513
79702951
75193809
16263901
89797395
20869398
53988149
27234839
98682883
75057594
98620985
99104605
30700955
95250811
77047408
85536009
16338742
58892013
46727512
33057704
13995938
99741374
36884541
28012045
93147657
81828132
64372706
54347839
46595841
61175356
60071100
37942241
95092478
45744495
50758473
88884504
94719062
31403785
29934569
44465498
54760361
38345437
42084567
15730014
95696235
16895621
15185346
17707571
86064144
19036359
72414348
25535853
18123090
45100436
21064222
97965818
39610402
44935082
90003218
49331881
23202521
23649262
16865101
66476665
50836194
21877402
14914510
32064213
92429562
47947134
61651997
19291545
83279983
81425369
74582291
17562951
23348578
32219570
83805422
15341360
79302066
47052558
40007812
42328764
74206074
94630347
98940437
40853462
69220912
44015773
23566393
20305782
13682542
79504802
69424760
96499916
89340365
93806755
77256184
29570182
51956717
75936745
10644286
45780498
61952186
68217469
67566211
36018793
62660975
35069035
65290755
74148456
39303091
99091762
25256402
27976787
63334746
69913186
96037081
33383770
53362523
44260087
58164574
95561440
90375020
28062439
70665259
26348502
16714424
35458267
41580638
44407110
84426560
26751309
75955180
71998539
18674400
76010259
15401214
69373323
29128237
57361723
80402701
27322318
23099194
26505352
93432067
55273437
44236391
69580255
50501452
44046197
20295952
42828882
48448402
25327839
70625694
48373066
67191200
59511470
80396217
22241744
55315560
81581845
47157531
19657208
29496992
74224738
98184960
10010986
99307014
91786139
73194810
21156110
26642629
14211124
47639520
72338004
50117488
41449194
12703142
83231389
65429931
25223358
41114952
84547273
75335529
51870481
53867041
76854622
98007631
15264345
79351896
24387793
88582199
99761917
53773369
41279221
80436562
61068243
90460066
13206397
68435557
12434227
94393748
69267887
74563764
40404024
17192041
67208616
59201532
87973779
95507237
72729158
91411481
49955979
26350692
76113077
80424776
88977907
36840473
34090887
85189131
68898811
30923221
73267481
48131724
52233048
42949238
37655461
61018737
85700361
55108032
94826366
64446695
76615232
43244883
85189374
76609326
73092760
22339320
61306123
96298861
99093862
92402958
72346811
83906607
52806567
69272971
34189460
72415998
70710425
98411057
37300076
55231258
54040423
17867984
58573551
26344188
17446193
21352639
22237712
77975289
74293030
91965622
23400267
75243585
73338311
33623915
59939505
90248634
84623362
55152012
51969901
79396265
21891254
53412479
95639510
11781695
29477552
98757857
98665367
88647513
21117474
66325338
90186719
44932021
98302879
87189743
52049193
72554969
63205827
34551813
26261430
61433380
10419824
80056691
38537757
39882351
84288691
87797186
13960953
56261728
49249604
90435972
10372288
51123915
73116844
41059022
37557555
78583108
32529409
91470547
59586161
57144645
27288781
49756830
41514663
62785784
73634061
59294827
85839330
14468515
91387989
88463651
42685701
60111603
76692566
62842449
26379238
18336904
77287602
88489566
74125878
89283944
22765153
66927144
33017840
67322116
66219151
74841067
28145894
89302699
68029737
92755601
13556666
24487043
70310799
95244060
42325726
38803116
85167425
56958617
87896127
37140393
37719607
64895740
84631262
72649585
21194501
60642948
95231504
91735714
82338857
42973628
97176270
14456661
25740533
26687901
26662074
11365139
10007377
95058735
53230280
67523386
65523858
96644867
37820600
13578988
46263985
77143260
12632587
12224489
47561011
97307051
94070375
99746740
23115285
12598858
60654194
12858303
33862065
79014318
85911437
60843701
75156921
34115017
78397472
12924004
27076703
97037439
93581328
92527558
74001997
58006186
15857140
21490764
57677961
34812036
49679407
97571832
63714819
35103053
17396295
47439166
90468609
48417432
38603586
79181385
63980508
33940915
68851601
78693303
16860597
79658870
50507281
28892652
83517126
10459563
81035054
96454035
18311123
70900890
72831010
52623550
92529327
54020443
91875049
14276154
78036810
51531515
75624776
26664984
63880355
30669386
16240061
79816152
42699109
98557041
95435189
46669717
60484296
74039038
45038688
67940191
34303913
82549453
59372874
86574717
61070252
72868427
84386947
81044182
76451349
16826911
83510908
93087211
54397359
68620815
74786227
35915640
57822046
60977357
96850206
12388205
59764515
53546472
90946018
67495892
29480063
13349402
19009530
25907416
88859217
66141285
95954917
97212414
40787377
95952654
99093247
56157563
35174438
93289590
97878934
51697406
17848308
41614533
41074761
34954866
48271437
28881715
20944139
34666919
53197811
15068487
78883357
11360937
45078460
29149470
80919303
22166335
95117428
14080971
88535064
67529549
99893627
10415656
29221012
18864255
36983570
85140042
80993653
99680063
49171943
99098438
29357057
79568576
86493502
43044887
98900996
70715959
73908285
16572056
81004464
55996202
31906772
42809131
42952589
98996448
75613127
97212796
25827102
17720312
46658009
26143584
84902162
13319319
60922583
47634467
86894392
97217214
16593584
29996431
34617895
40356298
88850508
75784753
98397960
37782684
87434746
96305980
30743698
84673094
90609154
37002259
89545562
33418102
93854909
84190919
64916554
18107646
67276385
79654445
60424368
48230908
80980315
63937179
97958386
60747307
16849749
57091264
25091040
60693060
44295127
63355549
38672418
80586514
79996041
34162340
13072336
67759761
45000086
73348459
30460320
58840258
44340013
14804365
20630330
19906958
45479713
62170525
74454568
73137748
24736561
36931016
93084009
91142417
86585441
15887110
79073444
13091243
22880775
38435708
77960954
69221474
56344818
35128436
26914867
94188387
77775644
31868627
64374288
68808935
48203047
50163620
33748734
81036466
41414223
30762319
54727292
63477734
52873407
98402639
93017091
95888296
68014796
28295703
27013288
25049969
42434572
48336208
48729454
95275403
81240115
40953588
45888354
76442722
43136931
95576254
57396766
30141039
80846741
10305162
26694275
57777770
14215905
80351704
85029269
60271517
94298861
70592240
94780147
89726420
23830704
71083039
60978417
34307313
74046946
61149983
94903636
70129052
81342658
12849045
99095465
70709911
97307395
11743795
22058415
34967252
59290238
44277838
22512846
50845451
93540266
46414996
96465582
88428397
90151329
42586444
83107112
54606364
15957922
93107482
88299178
68338845
84407686
30636072
32350279
13008133
20572190
20724958
75888489
57996608
17097529
29299777
19181986
95452414
42439746
70699237
10229791
78377531
65938437
44852496
23119933
72572521
18291858
39224429
38318518
41979835
49616058
58590186
85212788
67213072
60843830
92120623
75997958
86894075
43948648
50820538
32409776
94288363
52733625
97319964
75857916
77500577
77910985
31792175
78129241
46392517
33626656
63024375
39610187
55852986
40852600
40575296
50813155
66383079
47047139
71388230
47479488
44944905
34310146
45081348
62206718
83089745
15398148
57237419
51352635
78642472
63539133
52982958
82165447
70787602
59644666
51801959
70872368
91452247
16946755
89262790
47868639
39891398
45466234
75707257
54574591
88890394
80672603
50653101
16522830
42667337
22564002
27662960
63194738
13222954
68953181
38882072
47636757
98358256
49856733
24906836
73027114
11674691
10462534
48267215
78231804
52190918
58716920
18072267
96680061
81600098
55245691
48250038
27134507
85209452
89492665
37826360
47829002
11607057
94080252
52712809
57339251
78925454
58653246
51790168
77124483
12682644
95957672
77132740
11518560
27265592
23715156
73434081
51190268
38255921
78289938
13874504
63075652
24055201
35228373
34568145
31260432
42780075
84417773
66454308
44032657
82357246
20372810
77649755
36460519
95608451
20365022
62143030
59286351
75979807
94863520
64015093
30987898
71283365
26469804
86076374
67054712
52450139
58747015
82713515
44555559
20056193
70839959
58562361
15432023
88727475
67091045
79919057
35051402
37374632
84634798
51562557
54368152
78525475
46561889
15894262
83871568
46828005
47089576
36966663
90428333
45048641
26998341
57934719
92580806
49842810
95925482
35070643
73631402
86475317
40583888
12969956
83540286
99435836
22961255
37143821
95458505
65974478
34747212
97953419
41828640
79448198
25412842
93975303
48612597
29726211
61990409
37048418
82466901
61042270
40911209
94513764
69516141
21240425
61300694
19331355
56350594
20560249
21668914
57814814
52877971
25928568
12892827
23991663
63535627
80951188
68635704
46756986
11598240
18449946
47793445
27927610
88379979
77203805
20233208
99670395
99663716
69238224
30363248
15031482
43982937
17232948
15762874
13550760
16246026
50921066
37852511
87474637
54577349
34746346
30672845
25321930
61384921
17059532
19092863
82242999
85246169
67862020
61503180
27602987
61414895
67111467
96517450
33044185
95571034
51382904
38059356
91072727
64006149
85263693
31645023
66464890
23971525
31308910
59945325
32071727
59045452
90559948
71381634
48080532
63095424
32188023
33243280
13757467
71724627
61857478
37148729
62577145
84764281
23475644
52101823
61102799
25169887
48561261
69073292
90541215
59133594
30839178
49656448
39013868
64619646
85764619
47141576
16591086
19750096
65776631
75703017
65232239
75952787
10073043
66768733
92747390
24080933
19557332
86895596
77613327
94320547
91444891
31599679
59264569
90737917
16538394
80005971
83105465
67672516
52296439
91693553
44459271
32894965
14954969
15723437
37743463
61133222
18968775
15003175
78686878
12934860
57453742
32512222
69002690
59881255
87153025
39290540
88995243
22866635
66152699
86693730
16902022
45748683
49739392
76574208
52462467
43877793
49569937
93178302
45212930
87847999
11710113
26839171
25061010
33032646
22361564
51700748
11822950
42967579
56561605
61683485
43587040
11314577
13667215
73897596
67809812
92991388
55402184
35855324
56217448
86129935
33578170
89691376
19600144
92179624
61097921
33323192
55933596
79606642
23675227
30175110
32004869
61669971
26063661
99434893
45359344
11251326
82433895
78969115
45326992
10145318
34054773
94359448
48538091
82922118
40908729
65235945
10421403
90554317
49475712
66886409
24899631
32991560
26387298
33267521
77253804
53705538
70484359
13832153
93237763
13801841
47650161
33623098
45671857
66694511
14894932
88826018
17747921
21601278
23585724
56941203
32377406
66509579
89040493
33726585
13053971
99716712
81089895
75459729
19013415
32817890
75698283
37209093
65119784
45215978
94996464
60472376
94512292
49667431
46032247
95425711
21224248
81888508
98419611
10866547
35701701
30477064
93795964
53092288
14940515
77304986
25388113
99740798
20146663
51789578
64068552
60994668
80512369
38038174
83631168
44238767
44302448
48453725
26985985
50793820
11657119
12145752
80813377
52692945
14235727
19875345
65609539
14485294
75752413
28220423
20585626
37011571
36425540
85997279
76589836
36211896
38416203
79399728
40282898
77591683
12959583
36849003
55797115
20164475
64032742
86884399
49352452
83689155
74467459
27624429
41306417
61607553
70728062
85980887
29554662
83041375
89527539
84129960
31996066
23553640
35086411
25378292
84506575
71912416
39916837
14233143
52385976
57460425
55127652
84821423
40113751
74490578
16923856
38282580
70822603
46540765
23905369
41205109
92763564
61584636
90723697
85627113
39598759
61756351
28085646
79150400
82654540
97003094
10345721
40373774
41970355
81878376
56931034
33019439
27000893
91252715
37107603
34661484
49402201
14660523
57163670
37548884
90553714
57939818
44859744
68378404
38932216
82526882
99396118
54988515
86014986
83534054
44492090
70982795
87293629
54749414
53809290
22864865
26633489
99382389
55683046
29259996
98833621
14532923
82292454
20892330
67770626
48935200
75421229
49702867
30865868
71976524
41983321
86736895
22190703
64237890
50730827
87474475
12318701
22411003
44688439
70884946
75053555
20421279
60320475
47601720
86744538
98729055
39840717
79901523
97059017
94015473
20430316
10357718
33509239
35145513
22830712
71990619
66384142
22986801
96457406
81236268
79021995
43922917
42730860
88693421
96943234
47096781
54660995
95281386
55147679
63090794
84237753
76051527
51544561
38327966
39840652
86340989
13044385
89003015
78821845
14335520
69252326
40963350
28493881
28277099
84251780
32857882
60679267
84830935
75807915
36514421
66700943
63202737
15564743
82109142
33653776
88615848
16363163
41209824
57009150
87693682
25777158
27503750
43653271
81325228
30522163
55772771
49595156
67987911
42454588
62967223
63802263
73221263
84617704
90904959
71764929
16856665
29979669
68724016
50516705
82812233
48309041
93718159
40324039
55054141
67270370
12977840
10800310
69287770
12538822
18337161
50039927
87047729
46621490
89411466
39051361
60716091
62863736
47017819
23204159
28028329
59326148
94562743
31148416
98060943
77083904
75487631
47001816
47211078
79031291
82786166
12173088
55041609
14594968
73071495
67983479
13716015
84634484
72094467
35626565
71108315
62745002
86381397
20910151
93400764
56743842
80117611
85357499
21412151
85449799
31496911
80588139
84416560
45903615
12888796
90409597
70655914
54114521
70909728
41399984
27411189
50373969
78344797
67837109
24590469
88562882
76181930
38755368
30512351
53465705
70219575
48505644
69925649
20597293
25569820
51377136
65447009
96333108
66496121
56928446
32620814
52447568
32677342
32391517
88454979
40639339
31541393
36897091
45304340
22122959
74048971
85927657
19457555
47551522
44955679
23879150
77910633
67074606
61578693
33623498
67865711
57140891
81397505
66520962
77587178
76096572
79333536
33779591
72229972
49206644
92571938
98087340
92678357
55354182
66217458
14455107
86122577
88279161
80670288
73137235
92306587
52531684
14607055
40419703
27072327
30595163
51435770
56885206
10348444
58795190
34802194
77121594
43116200
94834810
21514483
39909839
41072110
22556154
52902203
46025118
45080493
52301908
68109591
95377580
39316979
48823106
91576150
55775031
17770367
93137970
92484302
46153219
72214605
44059252
36582946
90049119
11655474
46195389
78560374
77275265
85236750
71434459
47137508
81665832
26452033
57767319
62755060
44559207
69387277
79774958
66948053
25463579
70455811
86276553
65465072
38362071
50626521
94586179
88486455
92502897
93747361
22905128
28036596
63397547
61342761
30693746
39439193
42506255
23620834
64228599
87651418
73629323
86136588
41150916
16535661
53128486
25980032
68117539
27911392
13830221
16037786
82463549
65387606
56364876
67787201
40869464
24533983
63821912
96446612
97675072
77941043
57691721
73641778
25638340
42334347
31072484
70226086
20478168
35993501
91920470
81551981
65676376
99198258
93494590
94558118
18126956
54006373
91483617
85421782
94047110
97477498
81111169
68778068
13548680
59684807
96771415
56439427
91328932
58264797
20695066
39819931
13520252
66878360
54560297
46927622
68393293
66825555
93248588
68126515
93486802
59478999
47101581
62492423
45838889
10137590
95696998
45691970
64221203
34850487
43101068
65613056
92020552
10768171
70060242
89178332
71330293
73595358
84490812
50489903
15205588
68756841
71499425
84250486
55435365
32512165
13725563
65075538
45321550
11367802
11561039
99366056
30775884
10453333
71325491
55497192
66232405
71822209
47647211
68594892
66225259
56662423
61188086
49321184
21621456
35450695
10399580
98935554
70743266
54122431
71208961
68949377
57370844
17865974
44379587
22204337
36363420
47628427
61068706
73762013
98861539
30013147
78314976
78157332
69400534
63617504
17995209
62432135
99962281
92648204
96931684
73005249
26664810
10354901
19997555
91297383
89658411
93635282
92993261
53394110
34967704
27908672
28622377
48654719
52299072
37628137
32844674
50416255
68308245
14496092
21649026
16785212
15008881
96667490
62901976
68405352
77573459
29485208
92858344
71067540
33002567
77569454
59050621
88488954
73541732
66661563
78073114
75308775
50692335
33063098
23558894
48181443
59932958
98152741
46619493
69163582
58817654
90174764
78847451
37887001
69614421
57510162
58660843
80333326
22571404
69453477
83187686
76229342
57605412
21440856
21466208
11454453
26823746
94136830
89935460
75164475
64554021
61740069
81047495
43912313
97763403
66157837
98273562
28905958
71507507
20925764
86145465
74642894
76231358
36966623
55424896
81195870
97484719
33059286
64690077
44501902
81977809
54932477
68170369
30384171
79244472
31562779
32199409
72855680
32380575
43057577
32744505
19629728
20767217
27955368
31722495
78010323
43006179
75941023
16918709
94590491
18786494
23609264
45840680
38968161
90054202
47790038
73342646
11200449
64207878
10764444
93596911
38848229
59636542
19848685
12976068
33188466
88884854
82526111
74556009
25413250
21706432
25460511
61183020
92699609
23976262
18031784
75501659
46313541
26895491
41991381
62183585
80444543
10767159
47044141
82155664
38287334
11415360
85261239
78166335
70014428
29555564
69363429
86575850
80507837
29041391
18097053
80574263
53669629
65612144
89166692
28204179
66840541
35921853
54711337
26214587
17418442
88677023
56613330
18652233
27530505
80280128
76299587
56765922
48526434
32804450
96970548
14543293
28190277
85198481
56637860
85259142
29151822
18634954
10409641
42486378
87093188
95338470
88165542
14430706
41917711
62862453
14029365
91332737
16022288
30941968
74335123
53721979
22839451
42736714
92193579
35330560
91671186
16709445
18098109
81871446
42734239
84219488
80959531
65310821
73695373
56294542
82781408
81747291
94595012
80425026
38601437
84861936
96454367
60355718
50375492
71553004
81448491
65429941
64543972
65966527
77384987
64685585
70328043
59022707
64927690
45718318
11035077
75507454
26248523
24907241
36964751
71615472
53758207
31688721
57535130
19147464
43453928
64832845
39769615
25576563
46908059
75000493
95050156
82558946
71048404
50322379
39533228
19829446
65864740
90377501
23893061
71363819
37160517
62866907
47029067
70295342
73122062
23879687
64232861
22880257
43733552
73384361
91780994
15127385
93675457
12100618
79759907
95279008
63694532
43991600
41699482
87675020
71251843
62824417
98052564
61467287
66325072
81335283
11601954
73495395
98928266
98830760
18028946
56411171
11315647
28689057
69588697
94999594
31393771
18659073
89477739
12443534
10653151
67185567
87842221
19187449
52585661
60623079
25838146
10577292
42176288
75286606
49738498
73530351
36260568
76428911
93617673
54669433
97877587
15565255
87138667
24613753
30137738
16218117
16269599
10501279
37690479
52004618
70052758
54516543
52231181
54276335
42903743
57940517
55688773
44464482
52509427
62680051
35462219
68361285
13111109
97424801
78701207
11570122
66469392
22664354
24521976
64236198
72964824
91676693
12750402
87929940
92348751
42756644
71306403
40498306
75085171
41422461
91391252
26289948
16471508
33388267
19509483
85832820
43674612
65968528
59348109
16576651
57294535
72605377
25633344
22300287
50997465
11967102
97749406
37023888
77630223
68882828
50479269
83656144
64306309
87865521
77671788
86990695
36696599
57211788
67352816
24919808
42221179
35813390
21681933
27131348
83210123
59846041
87986056
65009745
35956769
98098739
72185417
73516390
44666140
16410855
24745382
10740078
15540351
96108600
54905946
20671670
31042232
79261635
26419220
51754157
30544509
88711536
11738924
79303207
48539602
12328660
46597744
89469389
52794792
58710823
60321573
44079007
83890781
97254377
66309178
38108012
38524131
17181117
69632744
92555606
94184439
77740416
25383110
85045210
36896036
56798479
74133040
91394799
17867225
37742793
76357615
54029156
49398309
35384646
24316936
98845669
99671442
26959783
96220700
41852315
98611592
32420228
22880499
62111690
31642386
23846243
94873720
11015538
90046638
94757252
47619162
78809734
39349588
33880763
66284816
13819029
87029761
92607857
87490457
35315811
22229191
76241228
50862814
10549541
44244862
78387197
39672499
88460120
64488728
74482853
97395324
75141950
16186258
79260773
89581292
59182198
60451207
94669953
52310889
11204791
91175007
57378736
49361164
21774377
96710052
72399618
91196768
14465397
76359534
39667445
72074515
35484791
44236943
24437913
25756667
70069921
99741755
37163720
49504792
20241260
39488101
62200448
52456507
12428526
58140147
27974475
78720710
45455331
29900803
57847956
77928925
61283663
35299698
17812469
42034382
39670298
28807639
55050030
44551835
17642453
73236899
50261809
46240420
67382042
97666515
40069465
44002293
25879442
48459599
46163899
93806762
46915729
97598435
86402837
45261819
75775831
59491044
61682664
17637386
21638316
97794193
98698754
62738695
14141046
21579339
90292947
71562038
62379729
31090032
87697387
50128174
13899649
92095524
91330952
20069925
79597482
88894085
15434721
59623787
72260008
36033269
52119055
98679565
86277772
12856726
63916057
64112666
97065908
41874772
39374618
57442690
56710534
30553243
73800081
32774169
58480457
76355626
78944453
95049915
74064639
60139603
97216547
38420210
65257813
44599251
12943899
45169630
95479473
29260943
25746266
99670906
45843195
87462917
28937909
13492165
83309960
32679181
59617055
12759456
27748368
60950756
95157749
18274431
52296937
84300671
85128341
24357720
24150607
62853144
72452640
68564550
79096909
20406429
34134429
10072769
87653320
48217386
97010649
97028195
26437497
37378893
16741411
46705950
59806513
55930088
95683773
76055960
97024685
64451659
59196670
81770485
59063322
32279871
35516890
87171627
71478545
61686337
34842645
50089869
37989398
60546233
48990298
19849986
20839850
87208191
39451817
55997469
53142316
39280847
62183371
13723545
40604787
38827321
95281786
40864341
54287554
96033451
23143072
42503024
16202459
97050393
18864312
22990973
97516074
56875846
52355409
70936547
64974882
29158578
33118257
40141140
77004838
79187232
58451862
55408872
34785565
21524035
76193048
62200405
97259048
70091012
71319722
39459533
62323568
67232371
98308927
85318004
49287704
43261127
43636745
18717693
53743442
26516115
34494940
64093152
13074829
79918856
60200241
60006714
82070604
56148577
61893703
65834816
45224466
32629231
61865572
85563489
28947577
53895105
61795192
51128931
20170991
12512612
84138155
60109955
38398735
51415523
26383533
32804741
17889640
14861493
71024930
22673285
65262615
31565777
73556088
48941379
21605650
38835969
27676539
21718054
19971488
74822425
19735337
24660354
62919876
13629485
17269427
20955737
17949983
38414466
27170654
67087173
80260734
85260575
56374160
20281077
25441093
82626393
75233931
23330500
44557959
57799673
15141719
96722167
25806264
86797195
20145342
85701779
15812218
82097734
56156785
77102169
26093587
88713875
62342217
35814624
81907968
71681980
27427107
66612018
15653244
62310064
21778071
44631163
95005284
14092542
11214500
23797101
65954983
11279310
63669836
77733239
36923220
49635464
17233077
53089971
37092159
43278214
56668388
77555021
14001070
16643632
95400400
12605222
43405837
63534002
58927648
20805562
43027888
20136691
82978081
75966337
49199511
13535433
52019889
68278227
87831311
53416721
57359552
59904548
85313932
37653967
31990151
79640832
95708932
27767401
61096482
40391257
85028667
22401551
80828979
75828984
72252345
93511110
86920231
28843294
21358814
42648591
11361809
16197179
61202316
93160376
51007666
99233354
90452482
15362878
58843418
84056391
53873481
37633885
43770343
10631758
40711366
83789751
75784108
63523410
17226096
62560540
92467310
67367030
55146780
51701756
60153416
88344587
95320309
94423654
32555310
50761127
33502983
87950012
82939342
57273694
99020794
99757302
28144018
53004064
42980827
40877967
25901378
49895855
16697622
59046543
49178567
16997818
41818624
80731574
34162954
97904283
82365201
33018946
47751675
51703850
46833071
14286558
99099708
82901925
37710119
70638623
28679228
60631986
90102107
69063574
13651171
66357822
94636448
35371558
97966231
22888744
53138799
93847375
26031966
92252730
86718875
50081731
50994301
75855294
64112130
46813382
86166065
62520362
45317070
50488366
78878345
95520502
37020776
74368394
66356446
61892366
94932987
20604639
13414000
19105763
14262176
30831757
26678815
46232348
84597547
82455377
53935811
15364459
86809745
31288164
37772840
84137210
51049717
71317824
11281833
70236547
50573390
68135938
72719719
80925951
20677301
34778603
67192999
72656630
27466576
12599296
46705094
50390133
71088983
62749266
26053081
20779806
93475392
91045464
29528037
29955417
52263179
33004024
84571831
50190889
58322476
55787172
94246498
60669721
35753744
96455457
52032851
48255060
42241485
31484899
52569106
97599444
67051627
16208789
95964055
53763763
62636489
38905781
24601415
91427997
77115566
92308699
61228938
80617831
81829785
86315657
47918136
48018100
37105918
91410825
75954277
20300145
71232607
88682971
60554208
69160395
17976847
42092597
67707446
33569550
87137413
41893614
88594019
79668752
44867183
94780592
59011336
15904843
32748747
59849077
31581790
23727510
80955969
57514461
56833910
21712736
56610201
32830280
78250060
76823461
36829973
10586810
21624436
55331333
58067419
41862049
67266033
69223210
40438565
67450133
14210576
29116306
48003521
15731778
57714547
67564863
97463655
76175589
19080130
63045536
56157888
67206419
91062193
43069251
76918417
77558846
31561837
44605871
20334393
22333971
13064397
37293911
62687988
21654106
40494472
25641613
98597047
87200398
63625806
32678014
25654892
90011532
57747747
79542910
77733156
62400558
50737194
22970950
75983906
34024677
21084691
83281851
50984019
27776784
62478325
47195979
67408873
47351734
33438452
54359484
73088843
49775024
23402291
21636254
37989021
64020964
85773303
42666719
68226151
87944619
77265625
96340093
31792724
20088231
10424662
61358058
83237314
84184409
27930139
23066608
58912304
19411243
42027491
16358593
96207125
83403867
54682684
17221027
47176577
86141340
42183493
59614441
85949702
85475733
97538764
19967768
95448514
19325095
13079928
44476258
58896310
31121232
69828207
30024830
93108323
75095678
30411844
86064584
76558405
88420734
66582918
95715567
59420204
92178497
83285446
87781956
76982370
80303644
28426979
61300303
57066638
94835310
42610726
62581696
50496373
37323144
86032900
49620243
83234677
15010581
36984575
17075643
38894593
53491437
11927017
88738172
19990249
76088009
59176384
60192970
97124595
41193500
94515976
46123717
27489411
40439587
53233916
39002074
23641842
14340888
32111354
18708747
83856694
81254958
37976972
97961881
34682447
65316391
14660754
14393450
62004873
10926082
78247437
77341450
52635323
16201125
18462634
36065833
61117281
31880011
94215989
46205896
31627576
66013548
99919202
97957969
47538157
95567358
29527868
65144764
22384187
38967639
60513412
75238959
84245177
57330150
47910531
44260996
65987751
14986474
78822664
31042732
45932582
66355205
21196124
17250544
23193665
63310573
32765229
86525742
73932427
59374716
25254711
11158978
54957908
35635171
75708047
34157184
77135751
65512575
98454796
20391843
88391364
37584210
11370285
29692372
58980054
19610748
87066118
40761517
26341046
99001317
37141572
71857157
66689561
39780628
33777318
68715499
47843541
52687938
62225558
93190727
48528244
29338760
84943750
11033614
37058283
35449385
62862838
57704353
48485732
44191482
78734354
72864323
11573688
23784170
96884471
14428725
77595001
84529586
19237142
56066800
49825578
27220762
15641905
15993470
76152210
59000420
59078403
30201334
99392549
11742426
69805181
90331922
49336739
59937519
67253290
22703343
28131517
13072660
11531187
48239712
38820634
44450047
97021422
90862199
83059391
68730866
53262832
65968723
74084183
54063811
33846923
87474712
26804824
24191655
58297715
64339330
45667114
50402486
12674724
56287081
39109189
64880642
34096395
80105249
11265745
82081993
72063773
30215364
30700445
16558935
14139432
95766178
20264904
64655353
49297861
32297542
93171202
67903769
49591402
47939233
40633069
11196155
75037340
91182294
24929693
92264467
81954881
42863649
97503038
78194176
99493907
46984165
19982165
15398185
21548977
22315807
91522675
14280272
28970285
50065173
71890588
89317774
45370181
23585335
20574695
52917107
28790980
21341760
22046019
20893819
83865579
98132641
21880518
50095587
98310357
37827200
39138293
37031781
55305640
59584184
70236223
41794447
57777693
65146649
44800178
20823991
88106559
97663896
46157506
13769601
77268033
98247335
68449208
26922622
69324156
96686240
44132025
97179631
24744581
56923610
29707121
21788071
64110440
34750558
98802141
28023694
14903427
17116596
80986163
52047042
75165824
46272726
60685166
49785943
70681584
79259206
84092281
30967359
30105473
58404155
78516215
28241861
56144220
64922231
89277357
41337139
38378397
95007540
56993293
71344916
81334512
32664764
39146976
10609172
93996996
42425624
25793295
44384259
87473839
78167008
34388493
68960248
27802718
23285554
66261092
71708178
34248631
39451069
24899675
41742298
93995533
84006269
87329217
26507204
47100543
66780289
54188762
30223573
89309678
83325543
89975139
96567134
24488344
36707562
89075394
61180902
22465366
52544274
61502031
42453414
79777134
20098570
63130297
53310765
16727446
41470734
51646614
76251684
80714374
75537155
38764299
23637932
45894456
67136800
89130772
65042147
75097279
54485706
57221233
82008838
95298753
99141502
92756398
51634736
78046867
24947304
48305997
92541889
95986415
43372944
37553809
75750228
22010676
79134596
92002811
56533680
96938104
11706224
13464689
11290265
78699581
20152537
48582614
83884138
90814436
87042182
60752688
84151510
91379368
52011755
49634156
61889084
86709987
37617903
33780339
40427705
95818548
69147721
99156965
74698967
82965195
60482563
90972661
66724706
52698964
37682145
46820699
17304189
34086235
54541830
68802598
17633157
17849657
38051742
23209764
75648656
73843558
40841769
96938802
16911017
67670979
99489894
58489461
81794559
38065102
89935202
67327147
81169058
61556876
20015402
43962735
93512199
87801957
12546586
21954219
15448616
30465309
47016532
14997786
70325576
78636267
26188877
55119096
24663892
12104760
29800833
56673481
56236389
49801717
54644422
60337219
24680930
16550681
25373758
35290970
13909059
43406390
84939494
44118128
82093495
52704205
55138162
12236871
42826808
44536286
15881379
96920637
50404866
31890142
75274179
58486555
34889505
82306929
76078057
40039018
76083492
72711382
67600455
38660458
72752113
22991155
77524752
31351227
86619970
67254666
33343108
23472671
79137856
97371851
68223897
65924055
22124346
42410500
13427015
74893481
72896258
19263344
83915523
61052605
26917355
10587322
63438660
92587383
86564652
40153963
98014547
92937825
89530897
68432898
14259438
45482482
90613707
15947225
67963539
13855117
22974055
16749560
97098112
85792404
28301944
28452714
55284372
98521699
33251857
71081175
46337694
54891719
44473248
70289432
18665141
69188743
36848099
22464763
85850393
14070502
85046556
35473042
61067263
90123400
68791466
92123230
68701279
61000588
11873912
22529841
11255050
25515972
36061496
77771648
87683226
71962816
95977146
70354146
61015498
97501984
93880667
63642807
51214578
11708299
83515018
37990630
53053981
97933880
71377272
78496190
11728840
46608169
97295836
81722366
48414906
61868024
40147168
40427248
80850299
78047946
27516075
69908272
42438002
26479712
40617356
92055306
48064798
22066380
46881727
46440577
33751537
40743872
78405728
53813868
27870276
80684930
96434793
37484604
40320891
12624763
17830633
25238488
28407351
83267055
92438724
83882025
77510321
77672904
79971505
10467770
46200331
25257460
34850006
22050380
93628396
77121191
77490493
39981003
96174332
75122663
66868818
63125854
34682368
55969162
63449059
56189285
93851614
52382488
60606572
84032305
41190894
81084855
46319227
44040777
69982200
55998970
11408378
11350945
10538055
57940336
84770451
68114118
48892809
43341099
56547819
69721023
59174974
63993205
34445333
48765734
63317815
60992038
94500581
41057549
61129153
25429542
71432931
95214731
71125723
33177984
10859170
56294430
48251154
66001374
85105063
20115091
31573524
31573845
87390834
59134119
74601238
96440109
46623781
43780706
36386312
65990063
52629230
92782042
54468887
15996766
28913523
55678749
37998888
49049181
10913238
17122997
55846636
13123790
91908736
66463450
31252761
68830656
89484278
29881976
81852047
39768781
52831127
68974254
69300734
88878739
71795722
28379351
79419429
94636492
78214101
68882612
94623413
39659405
88026767
45955512
27190040
36773678
85036399
77845821
25442397
29664122
68608907
18119940
33629844
45455651
60490380
61934071
95486192
84383085
53285003
66136225
97972224
73149833
63206564
10649576
29652519
47594880
78415870
50400854
71783862
39534792
34546425
38916724
45569059
68250105
13862514
87936594
98793193
49371189
98292388
71231123
31074688
99134855
83091302
83417799
95689648
29583713
64502914
79357883
47665419
79031141
78028628
11766510
92513833
17629366
78195715
22025037
58501887
27982755
48487029
32788927
53340425
83116689
43100166
77103323
71307156
50981110
79670245
11005093
89490177
10925962
69021542
12861833
45898968
46596311
27742065
20205306
55987065
89315915
91771426
62094827
71559233
85060317
70370251
37866481
33749387
37324923
91111478
57153485
40833777
79546782
81558717
29159834
80581678
38924041
28165625
68443152
12788260
56538783
35974162
22650482
86509176
37333599
48553398
10355866
89647067
94365437
12301733
39048479
95700324
52979358
13391208
56589088
14028313
55439919
55234864
28294669
10146914
19564798
44482782
24002083
77549126
73837407
78842608
15448577
20969624
43396570
88447935
81884205
84105256
33307728
76582062
27626445
82138183
32670118
78420853
94882411
88813798
24237393
84556103
56885199
22129232
23773981
42201553
43002077
31638903
24707098
50138079
72420492
67912041
99453475
13619230
35185919
77531746
10432268
39923324
21988986
16431847
50579371
23031714
19659007
40394995
47723333
15256872
92124765
48748451
45110410
71163700
72120378
40830534
90299460
40163763
40909215
40179799
99684811
85669373
33012176
22906211
54438437
55457357
27772476
29073427
34132933
37716061
99640719
74380885
69858548
61384094
67173477
45584939
53771213
81019793
38967066
77146384
43077189
34060733
83210498
34568445
44104941
25667235
72790961
84194305
83377181
77337623
88324930
93051118
71201569
73498415
52383040
93777155
47813242
11339962
12939040
26450813
44407158
61502037
43670255
68177022
61949803
94675101
24923674
16178697
43082384
19393022
26046042
93521962
61727991
68480298
47001402
66251698
81547947
53568422
62358214
24694816
50378338
90305918
88559186
83182492
78587999
79079524
47344412
69968999
16428199
99716671
53318697
27535965
90296630
77069452
89229372
56388092
83958116
74471463
61758146
79899825
86045103
37596036
57625747
60027880
39235005
10967823
54489984
73064263
26604217
91956423
79560789
77592855
78983546
39283513
25981513
48838546
71800450
11982102
90514535
78108103
69172067
63420590
37722150
25082551
73768930
45997524
71131302
42649216
20111047
49396957
16589321
61672241
90283716
69978311
52036716
67724604
71521407
43018613
63915521
76081801
87562174
97189784
55659722
50397991
75260462
66661108
54036637
37435472
66178196
17577422
41071583
43293441
50131440
67147876
88043484
58627236
13101672
85903036
54804276
42700654
53007933
10784300
20838151
33238116
87168342
45152233
64128587
87221186
78541425
89604874
25109049
20943894
38744433
38565988
45380307
16765044
30983232
10509697
36114106
41885168
23489330
30707853
28860754
23881773
80485161
38890886
99968670
58002323
64268101
29751951
98388295
62067759
34827831
56704467
32495804
33281574
59132851
54901780
27606386
60426711
28896771
57814223
71288524
33878201
15752590
48205079
63307357
72075389
63517258
80104866
39078660
65223930
84212536
96539667
32157985
53874492
50616217
71362558
87196021
48640543
18395870
66043555
13544643
22891147
98081393
10435120
88456798
28692814
66938705
29913684
21904451
51083843
22744439
35986689
89085891
50300961
68928986
89128387
47230297
51648861
76626318
87169336
38279834
45605256
15344043
53007434
66244859
61016700
19421393
21988618
20058130
90118887
54532767
55361839
41722407
75006633
66217926
58589999
45838615
74486218
99819469
36528949
71245593
65745245
22341065
49959892
35417104
67474561
81985111
35720560
71393284
56560517
87511607
50537802
65355299
60676874
58185254
36134517
85724013
35608801
55871944
90415451
82748485
60735030
69062785
94708829
58580742
45531838
23847785
41215076
99644737
84187861
29142748
46994565
86912417
86480310
35532847
95467472
53483120
34659030
44098557
52078262
84850226
44415837
90182431
89548436
95089647
13194690
47873977
64539104
67047311
27319041
61538033
11970543
24993885
35220604
43801019
53857888
63655726
89009644
58064464
18434217
92206491
52062338
75959742
16288956
66582505
34053918
31506840
11944917
93539978
21331371
80337613
20703459
23876413
59206293
35584662
19233552
97138384
56469736
23150217
66897007
95873285
82664326
17783755
44424129
40618515
27018244
81083618
53338980
11373891
78385187
32860201
63489881
95055803
47466854
25600348
90901232
20426968
96671955
87903506
48555060
95299276
27060300
57647531
74300103
77753856
69675233
38020530
51870889
71193360
63883288
55952854
52649845
83228739
85373465
66756678
51067850
65664612
32323450
62544157
27159403
32949815
59240119
38371433
24646662
97361943
35922621
34738519
43333266
78278573
26517669
79440508
90573775
18205566
23281730
54583541
46624370
38772035
22331999
36741965
27770732
67450441
80018306
64440333
91671072
30532594
23767270
45506094
83316615
19188287
18532169
93091709
69372478
30749280
41775783
78599524
69085347
54125499
11993596
40099025
45451015
46348742
86880838
42177383
12490204
48848363
17605056
27522304
33688630
37469013
29468725
13990918
69880572
35541584
22139703
43143074
88478777
24929868
11289208
41903245
28641407
11780225
67372488
49182722
40926200
69076652
97139499
47831380
56648330
44866423
98585366
91448475
32109606
60517110
53900358
38717706
32998830
75499597
13459389
19917532
12057600
45175024
15906907
12894445
64803620
58597251
19152277
44245477
61883150
58099680
75872596
49971727
38529424
78389046
59137644
41126600
53192031
68081998
99215671
81902610
90137663
41129833
57993422
74307912
80657358
32912454
69791971
14542828
48098027
97641024
67701182
69416860
96291649
61210515
50312612
58579827
89948351
83155195
16370988
45914726
29655813
84194903
36195346
96919845
27943822
26664254
12811859
53668907
31747423
76291874
92036086
51887031
58971384
26439067
89719667
40514969
42651441
94001297
25246662
34056422
82260502
39731459
28297451
88137507
12645424
95453742
19641631
45348264
99384383
38474428
43829044
15019295
64462357
40595994
43174188
35424273
38184551
71339184
83105063
47086263
52142856
21421028
15265540
42578153
57254104
88543880
88613460
83737540
33593341
43906421
84563940
41554330
72266454
95041650
10197379
16044295
90900240
64788187
71888738
84701618
15111256
63800813
31951636
42945058
40380976
53922868
73885114
32243784
47070721
99299621
20220371
23837511
42039611
16438260
91449076
19926468
79865858
73979355
38531376
23897395
76675500
40903647
29547165
49060311
51022795
47939608
41905644
81160782
28440155
43414673
66698026
31121604
34968965
64490693
76189202
19330120
22104334
73518410
11294988
58190267
89285343
69316874
24650822
91929956
23966635
86952737
78532821
20581648
79631625
55358137
54947101
56965497
38183667
75028940
51324010
78990406
62071155
88421355
68531155
38682073
53895930
81407300
48429039
49158137
91123574
63966144
38777490
81587292
85586947
32974012
55769913
19217318
62601059
46944249
15692493
80244138
17612981
14787828
91650010
45031267
41612433
52507517
82099544
81262193
85641848
26537283
85990512
38806320
64204269
42646904
73484638
67158173
44921632
27685361
10854762
43552313
81994748
44993072
94302461
48567909
13455885
59868823
69353605
75055432
79702727
85600255
62025340
36365764
75892308
86925979
58164817
14029632
16371585
21250206
32327530
76353952
95555913
20803706
84151095
88291414
58480892
55588932
40398452
52269458
55148044
43648051
93487227
69120277
22685044
94682952
84145219
24993955
37857862
52446983
54063481
87890071
61015759
52744163
62995129
64861160
16196919
48304361
18822473
38139484
10689137
17742898
45149319
22820337
15698249
11862044
11169963
77054101
86154543
63795654
16143079
46520359
53851331
73887038
39327629
70430942
76226046
49944835
42689498
74060142
57522708
38438099
26933061
93596830
65457076
10192735
85019557
82919956
22856893
45437746
49812930
97990387
79010078
99095281
46013870
73380801
23236851
28578800
25087734
31511875
79718335
69327201
47767652
18721669
46084937
20030887
66484333
16193654
77283472
89198920
81385918
58161711
66401515
31084161
39302238
76593620
23856706
46558324
49155967
16841235
39879651
69968509
30328935
10185930
55301506
39172002
83048310
36650437
63144784
69577384
62787155
48777764
31414838
15343426
49845815
84119131
13753646
21342693
70273621
31699284
48207422
45290039
72913381
98252719
19231251
68489509
15880524
98236982
37078634
83992602
32496749
52362415
21585663
48679832
39946160
34145119
37113914
59094458
79874118
36846169
13164384
71894135
28226429
27999440
29736214
57872172
56193922
48067788
69667019
31345340
61828450
65311251
50473668
78107985
36458910
79403203
46208837
59198145
95924708
90002561
70219225
15814413
88697328
23618892
80022335
67310083
47454463
17550315
75986545
50698627
85250923
82960389
24386257
69118942
69556968
84823887
95646067
19662298
46573017
42096863
83791617
53737426
79622480
98714016
26107599
47709345
69317598
19964156
23110849
62411681
22317697
54574529
40623055
72838784
61815127
47822041
67103662
39333440
68819082
29399181
89401093
53476689
46177499
88227582
87620811
78503041
52385090
30320585
16419015
95532836
62084653
97111866
21749211
70495482
27547534
79539119
55128188
11074213
34230347
53048512
60565591
38309781
66655557
60145969
63088213
57152259
16761020
22891849
82549120
58219651
54913571
95270030
85662048
16536881
78395516
87547259
21923372
75758329
39310558
87269472
96031362
61432728
67938263
99161821
86140344
28406000
65561566
92833951
24375924
10300804
63933206
70979912
72667339
65073362
50333719
94027850
83962864
67382867
16515438
49399570
59045574
56231490
95825332
56572824
92704518
82111482
38845004
43732243
19782410
96786429
71092280
62543823
79651380
91732881
86814488
73281558
65748093
39869316
61965377
66594891
23003422
65354641
58514294
15409815
67471572
46928731
29323462
38959802
14887252
47762838
52768641
65000067
40801739
96313285
67944664
66755163
62442256
23771933
29321232
52537211
82656361
56354057
52828131
95101246
45057271
18891847
37469683
26218512
69023167
41797167
62888043
85797382
28189013
14137236
66462472
32520871
95123011
17566801
23541801
76151907
84053289
33064537
33197207
61656582
45285137
19052046
30779182
61950723
43534986
81492647
38203020
99760102
24221556
98272109
46892415
79010527
54375356
87003792
96981232
24101589
63830002
48640210
17604431
46276531
14740319
18543158
67811183
96332366
25962778
13138130
37480623
72546759
77184019
60326635
78625545
70864618
75931797
99197585
47593955
21423815
39270235
96064997
54931066
22355329
60981218
56677505
95451646
12090949
36662745
12488069
27460185
24727400
61081269
83271615
11161360
82065949
94496609
33973110
99445442
95763152
34389139
34403155
41401038
76670497
92450490
77961709
66130066
15462528
17722387
48849775
98743118
17670241
31155163
32338536
65809702
44244508
71894559
83716271
19346246
35698661
85791151
83086577
81745824
13712739
72370353
63177305
62695505
45061870
88738513
43940058
45519777
85799018
41451548
11373097
77995451
44221824
55855887
88983011
93812781
35067858
96075629
72650431
71624300
26445578
65672144
86460891
89469353
88360767
65216860
88713581
59794134
27533609
53790733
85436021
95942602
60071633
57211416
82469359
60166771
62495831
30117104
38935089
74988968
35286112
97217892
26997991
90063641
56451226
11624549
24229545
90375016
75969773
17228390
83991862
57115472
50960063
77144284
43071824
72736515
92746597
34073267
44940946
20481541
67688243
71865350
41192539
68677899
81856625
79177356
71955169
27157394
25845305
42890316
26388947
47899811
30714586
80593197
35177464
65937893
50989428
89889883
98369689
30278734
15221499
60731565
88609424
94041011
80220242
28435971
57635339
72082472
34194764
66025195
37421873
50403116
39714636
61428682
85248734
70639595
96833899
87678359
37070855
56383913
30976650
33251531
67313494
67718318
71954987
72440874
66541131
24806555
60822258
85386429
39255207
31837361
10113448
39615791
19802043
67014077
81150940
19852616
38733659
34742052
20237187
57689074
56156662
37318913
93947597
47711280
37733867
50913888
18964061
91546206
95645590
27517501
60696106
49435729
32293520
84240866
67408270
34826877
84171414
54080974
63906293
16052385
22005462
88271408
70826177
70845600
92737626
22329746
74727358
33720560
81863566
87833619
71716541
32923563
76907375
69366477
87658191
12549443
43833298
98063957
89577631
54247251
12655054
18812000
61323885
53263760
73417416
85217666
33083555
53794014
78915225
59461266
34586005
57561471
36176094
80577834
82706138
38240486
10600155
57695435
29786433
47872170
92609804
95742877
99577330
82302870
57381450
15890003
77764771
88586077
93832599
15654317
72216307
55810154
14138630
68743575
42592999
34180054
70509002
22903919
98628478
19784179
98306393
77364196
47991301
91148604
86136698
76142990
23608592
28907126
93692585
83008551
27080653
78800782
37136421
10450872
49311542
52097595
86099001
44717086
27052352
90472876
74038605
79130092
54809641
72182385
67888646
57684588
33762791
44348169
87649420
62350003
78768448
56494344
99053031
63490400
31427959
82376933
88601474
83262321
50102180
39830366
40903233
68955421
78750088
60766608
64767394
47382800
62591351
65210018
98210835
60736051
35066629
49829016
79266718
77948434
96900675
40828881
12260049
92148231
12569594
76799678
29035094
50711496
10913628
10812862
80245553
63490842
35225932
72663081
33144086
80306340
33315783
43528297
53607269
59460062
16198381
74020930
33415464
59110832
64501937
33030102
78900983
11528088
94163314
82088988
56276656
90156700
57688425
87181435
33090192
40598376
43815035
33389329
14742920
28467855
22599995
95499953
94083814
97629521
13467539
27128597
87288677
72054161
26034790
33077717
28620722
34416797
97296304
48007810
93499932
76083468
25440828
61784786
72614231
91937148
65218933
21426028
57132936
46613510
37709935
33523126
62311197
84840640
25867133
54915794
32706945
82745511
69126494
52219258
11875323
98360560
31077529
52828485
36531147
25267208
23502846
90986657
36879981
23598294
56524312
45900551
14373046
16266854
74030928
42886646
44000044
10527043
73205763
54505452
13443327
29398326
69549211
95389425
38702777
26113836
14868553
92651853
47750275
97889717
40231904
11301033
53891409
76527859
17918763
59193701
19477951
86104331
85610073
74929843
38578110
63884122
95253419
92805448
13467565
57360947
56757026
31434214
83449261
15580401
64073150
38424098
23285693
86033552
26831909
21860928
12262388
42420056
65441133
41710906
61269722
75145140
87538054
18610528
45651554
77799073
23424665
31281032
35932738
77274771
33490887
70907907
37726992
83618472
90270408
35924904
27228206
23495172
91852185
64738267
26429658
76738804
74081302
33004978
23377920
16841018
98284765
51459623
31188457
54494938
74344656
38042874
90789776
23592193
33079608
78459041
13261077
85607187
77265901
45990731
49983183
98930998
86235835
98940396
12240673
25922765
18778707
75988588
47186565
39234945
48156000
52150762
63845011
14403575
65910156
31129795
15288619
16395960
96639169
72239677
47765212
18219477
16653365
58681815
24748770
67117586
52776194
62759571
78500354
49133993
14015554
63912484
38950713
77137714
18749452
93694905
46506819
47396465
15217753
99294400
92791057
19708518
45086735
12059176
63937248
61034590
13699628
24378946
14308472
74015270
78827915
11318721
73784703
56842715
88226774
65428704
60234615
76758237
18185609
15744802
37357275
44080098
57918645
36491089
43162534
65642331
10701936
86507531
20920512
70053556
32741627
64909888
74407952
54614749
34898830
42410563
72314453
37546481
50715602
16950973
39240283
55262904
29061859
15495692
39788881
88737432
69079927
58970166
80924345
81344027
16975384
78215307
46712440
75941657
24548749
60119255
62955149
98634114
59006551
74106689
50869086
49589194
94081111
66181188
47926702
73880049
60127117
64965959
98371116
26703406
44021627
90587610
12097957
39280823
30748943
67860824
50698032
17260864
44397683
38755946
30831918
38606424
13814696
53068400
16399078
65779920
81213600
26095530
32118646
68568529
78044408
93249744
45572816
15741942
92112239
12106499
96088255
68290184
54429414
73959063
86987105
15859364
53410374
77602045
69213809
61314590
87596788
44563408
12755423
34963585
66436148
76385735
18820804
75106382
94879266
47082752
87535681
82968619
82931395
25215940
46163223
13971064
14196606
27217045
34173268
26332858
50756195
62754821
64830600
45002337
36091048
46559598
57374468
33456766
95384357
22228428
39576617
35849902
20755448
18303924
22331228
93029281
51566536
33944693
88026261
68022086
76152103
97199946
43964309
43708177
48277688
80447930
88568568
30265610
65265380
98371159
74495747
65872743
26429846
46401087
13973364
68282509
27896866
68028718
62870956
34132091
17392253
13416111
65029089
89531813
52393194
36991040
47205965
20564939
84728001
10824067
33495023
50527655
17608094
82572778
28891579
23994115
51813845
18004983
32177161
75453132
18446523
51643540
55119460
97066345
53333459
77505381
74787712
74626136
46818643
40240621
27832689
15589928
73398619
74504275
13384195
28635794
38530657
19230834
55219679
29955546
81793132
52342797
17085270
15040335
73405420
68209696
49464397
69319148
73685043
59632209
22973637
71603105
58768276
49855493
48544518
92227499
83126679
35291536
75027688
11127968
46311428
60214846
28193799
73791479
50626858
65075167
28811555
23680710
35513487
43705554
33228369
82086381
52402613
64285845
98546183
12569427
87074923
69372682
35211644
58154255
99411383
98524799
49762022
59936136
41250927
55986009
23730015
84393899
74978791
13908060
33783009
88204487
19056964
59457049
37525744
88968328
50417775
44028020
24694103
29132942
47032101
98898768
99928330
60274985
13300012
53330138
70291882
92905395
79298720
27242223
33634344
16629258
21469292
68169771
69437313
82084905
21460308
68169103
31574695
22749539
26989102
15249614
81454267
74387633
32250548
82214663
14129250
90000869
93787059
56189457
48871374
24240954
69448716
73283626
66159603
25314229
23540887
24553374
39464864
40809157
83942830
42530067
85452665
87003572
44822332
27914963
28564493
73467449
70847453
25323048
27615891
58118826
26702898
50934752
59236166
36326350
38418885
41348720
67796186
64779600
59176851
76613685
11998233
95975632
52945594
34417365
52711199
54351892
44163652
38637742
21584860
44239485
49979619
86302767
26325927
12516163
19677126
52974625
43696632
49186439
72119312
35212957
15768678
62596476
17946400
87283967
64942416
79974467
64963061
44375302
22510888
89872773
10556140
37010830
37270448
54235010
22691854
95227722
66984707
16599281
78934122
22702223
22396731
61195136
90753806
99840351
96542898
87780585
61031954
82570982
39117486
23997774
94325284
33842294
10490481
15427243
60329750
83655410
99783959
63274881
96481998
76519717
65861650
16607677
65589469
12634607
81824742
67096617
56211260
43073149
13213811
90333592
90837950
25029160
67969241
54843655
95244554
17726946
22009322
32393919
39330046
41476376
96224499
39665720
89003454
86039552
66048954
38921466
18586359
76635402
48500108
92249542
88404985
93066938
59718096
53411670
61897702
44958843
65655500
66456722
28352197
61409765
30501001
40551715
20995005
77061530
31738905
46434457
80670067
85051728
20350913
39413244
98748971
10216217
95739119
52746850
18328797
36466624
45600848
67158667
58779384
39546049
45115704
66060224
70432949
75269811
24522815
20264801
79254922
92857826
34090733
69977110
73092538
72281324
63548402
11305616
36454896
56264894
16367558
95525009
11707081
65661457
97968697
49438694
99773972
18545703
91359829
26084739
44942438
41517805
74684095
53486524
12110795
16007369
85580471
97728158
82374039
98530566
11224378
71332968
16975962
80092762
38189383
41402409
59441905
51825424
83569470
43663991
91244473
50557654
40566243
35802697
34154335
41955877
15715842
44862962
42867155
63276616
48165549
27661115
48320731
44060300
35759649
56671387
18830851
28494791
26788373
38719283
95061364
16907094
74190510
28788889
57791074
72712341
57071114
70201157
88662071
55070526
30416546
91637139
96780174
54489982
18023844
11862850
59024026
53079322
78039144
45235683
40885685
91204011
25467914
80290542
93443209
40487434
42553128
59964271
68739541
16888390
40277945
79417309
75463901
51838674
51777288
75935243
65807089
53049404
41256653
81892536
93477399
25614104
63413862
82507073
56547415
50999291
37073847
86094326
71691044
90637219
84218523
55054857
12612962
58356101
12426530
18331672
83381405
69593656
25716368
34664756
12175769
83035551
86318235
84937077
68214226
15704137
85720565
78970745
85804576
48083589
48954083
48645870
39310614
29691015
40160808
31172029
86186004
92792958
45289335
97499970
42520840
57482691
22034731
39669184
68673021
45204736
17478557
89262444
39521427
61567524
93088217
50643823
98425968
40238586
11153350
99922970
65727726
45461540
87886024
37196941
30845775
41017574
55622535
37702569
62706163
20549673
65565904
24362847
11219399
87810204
66736009
85466660
59434315
27291637
28841423
50689409
66105661
64550229
30698286
32675142
19692775
36904650
34218620
33911646
27826306
77479662
72056530
58585798
28479916
13706536
31269880
87044495
94139916
71575660
64135085
48733474
35980799
35919645
57909832
54417747
17851372
89862945
53261422
17625973
84974790
48556211
61210171
15423810
86618428
26712931
95369380
48353903
95139356
52851564
93582944
55111250
68173990
75141875
78237085
54128442
17042322
35735640
18179400
95831930
31284627
42104394
13359757
70794165
44594748
57813295
68962189
89644893
89010628
47871522
20575504
93685560
22969110
87261851
69343978
96748190
60537989
60517181
12196600
16695884
96631197
99522236
57107274
25680744
35227541
65817193
65015259
78895762
62831072
23931484
38279035
32976675
80097250
11184573
47425102
30383493
58215616
52187183
21777773
36265519
64971216
63255641
85541034
23478715
97957168
18374545
43378928
14621861
47205234
31183527
21027529
75741858
18008309
74594764
78841850
93731355
71553103
19722270
46768713
15702981
56344550
77674065
15298271
77749342
75635230
59924347
76023367
22748549
27300268
22041083
95624086
90611126
38754441
67360519
59182117
12941026
87474563
83236434
22830458
74558375
96213357
20915798
50432837
41945009
81890295
50302915
75353350
10388652
65239704
19746308
52419916
77386981
19737127
67518442
21223959
33134204
89900298
26866039
98752735
46241224
56297093
74287177
81755438
54314823
92808884
11637922
84918248
65098260
11761040
14822827
97099255
59376059
59419965
53241553
33847180
62853288
45169621
21203602
77113073
90678453
98161935
73550279
17837830
39542185
90783451
34978121
57712979
84458730
51639078
94247160
33583969
75557071
14057421
87234263
28425141
51398428
45310037
31217258
79984743
82467841
68923943
72677482
13820703
43560657
35157968
92887625
94970252
37212086
81164610
74242238
39129833
64101557
48423582
15599166
67480430
34115544
66822936
60326071
32749564
85345142
62682126
39707321
29746743
18914389
22758765
12522217
86160336
65152117
13547135
79890263
68802322
14611923
23078237
71404934
95385895
64098682
70598694
63587483
97533115
50757606
23628408
19032680
89567543
41416352
71048827
20107541
15639720
81061115
85759383
37931629
21284798
53599849
47056837
89084610
13466225
48044410
91482115
85425278
31044414
87358689
35295048
65169159
45562169
83640271
33797305
32313781
56575484
38243638
90658207
82008381
11835942
88941340
73688052
33343424
15050195
54492103
55078429
22179827
97564012
36031340
13052596
33982975
21239930
78419101
80098729
95396985
20208795
35251791
34912899
54858361
99194897
89749127
89337540
61081689
61073400
63134369
93092843
24982412
19305872
21578173
73711251
76291096
70519352
69678022
17527097
45863217
15288956
84742944
72515739
70339444
11493573
76615918
75823803
91574204
85539119
27444733
39925157
14194168
74420048
85803650
18588187
65465491
53210440
81984468
79465180
96771056
24794144
50562836
14743271
35847907
98087099
79386442
63271409
49077082
33602411
89017225
75854712
44218070
44563526
58687057
58549991
36082790
69589304
57756980
99511145
99659158
48841634
76571090
49975774
31459956
15495584
56400493
84105195
18286400
18873955
69005992
50242732
30460719
96103521
72295941
64972252
88080316
20598951
77274518
86944332
41956205
19032282
25990220
72874268
32804162
70379358
84289172
83879497
24226958
44550395
56579755
38880924
44244012
16355797
69475345
82073264
68271424
99855362
96501532
65048993
41521301
42066893
86446889
53910483
23938086
92657031
81108077
52472412
73676344
89074052
88143721
69563407
26752932
94055097
82998140
58360102
76010803
21909872
42826898
42903307
95341089
48725029
18029819
78362435
28128452
39050966
19067128
48687814
88462448
29750572
40648353
23768846
66576609
93601616
77020862
80078873
90267812
28968087
70166741
61683381
54009008
22135704
63788019
91318202
17379340
98712872
20274365
77796186
20904997
12397216
42095575
79396678
72766555
11233216
69101582
62079530
77044976
84510399
42487064
80730442
40596893
64884851
81733183
20493977
35309545
82175149
69004078
20260930
23297589
31252876
97611439
75412059
67943743
41864689
91362815
25564887
72902916
55205489
61119375
14960251
20782353
30388850
76385488
12708910
31861669
33831076
85665146
66385431
22293411
62087027
45481547
68968805
81734691
75325663
66003107
82645772
81104342
48032399
72459152
93823741
36293727
12605864
60585035
81621484
39286130
32248922
58757477
31842220
34841992
57593878
13799440
27801782
31367484
10843998
78567048
37054280
64238790
52873524
18304412
81068458
77372177
81907124
56995037
24503308
55401850
65861182
75089889
53931659
99676967
76118475
17754292
82563538
51010690
73209437
55441245
58535633
49144225
69078792
61385049
39256308
68299646
13834453
25992871
91254280
33673916
38241664
47081311
56190746
50611890
67181734
93564898
39361245
12270729
47998607
12296479
97688265
70657353
85491126
30307045
17042916
19761239
94493128
43744797
60416132
90048375
98623266
14444248
99958387
15852591
40063880
42402057
68142012
45342667
86953854
45532627
43590933
94740858
51903174
19007357
80457320
57560598
76641015
89059587
77563264
71227137
76514871
72225606
47310925
12842154
85351445
53754083
53462099
95211567
35019909
70751392
29670453
67671197
75517433
96256898
79605722
52080978
77421848
44122365
45802041
93751875
38683079
98928346
52960335
54275262
80117114
26949432
25577752
82010648
65901432
72741144
14711749
22942967
70378593
73516563
91589337
24707911
12639030
87397632
91096078
30801839
53274852
92269491
43122853
17268977
47363559
38480377
81757725
65018178
96516278
23604780
70415580
17010438
95035716
74723021
85624172
90089155
60883964
60752029
42339880
55901819
12593650
36580749
89306743
72727290
22068840
88666646
10708117
13788991
21005420
87668790
55788301
69514245
76852126
14135560
24578499
32454124
73747344
88092414
60699565
30221769
56094406
97159357
83722786
14083591
36985820
76627092
95475531
75320120
17292103
67342234
31281462
63925052
71169972
31710308
35249545
69486348
56582496
63867987
90174628
76098841
28168958
86898443
84549058
60406376
46532193
88068096
12752498
38497915
76512242
81803075
15132055
78835813
83048856
51236732
12440263
23617401
62083231
24743116
38973948
26282403
92978117
24799087
93462272
18752413
87056753
42003595
26926948
54759755
88858371
45315479
72893354
91547189
69625670
40210795
84396702
97581186
54202080
98896945
13782853
47042735
57440419
67518350
40926264
28253380
59334555
54218279
91519311
93495084
64044404
27018752
83512908
23954266
65217736
44813435
97644916
53108586
78151123
47571179
92040490
21075150
68386370
86602035
73797418
39523096
47670851
27495615
30011052
53387967
23709426
15763632
67237800
58572894
17895951
53757641
53482391
55541409
28267627
35173559
70783652
79422007
50115241
19109881
38065020
16405834
58712967
50287700
47037470
65769150
80345172
71498748
74803233
97092973
76114823
75402344
60861149
79350241
11200595
98613079
24711694
55312289
55889255
96325629
57621422
57317448
50619172
69702048
12435843
33093200
29036932
66876493
23205797
16636093
99073295
46599392
90760151
87695898
41479816
27142042
46122221
36077014
29885468
52858194
46291923
58776876
80101718
51756429
40992678
86143824
18101254
18921782
31624927
97509428
39846333
20959226
48812074
18179063
73628404
91547074
74036821
60927083
71889612
57221582
26222564
64685889
26792559
17648107
86414145
78936403
89508374
38879056
23863696
91211662
23908517
47887259
99061409
52052346
26150257
12673507
47957247
89463713
51702137
59036069
96182199
14868786
75768128
58482000
70472386
47255316
23311270
35669488
73405417
99665010
49542462
14276152
38956091
51014287
76887548
63672148
23304637
66971980
60775052
78384314
21042010
53693254
15712079
86293914
34861798
10673180
54208755
43264367
48619984
12739662
17142957
70940215
14142820
21497280
66680086
10084671
48847803
22893150
55789215
84542872
68512320
32556634
85378738
91956262
69980767
92222609
14736615
30001238
45316427
33109644
62660192
99646831
24152684
20830627
82133954
57360770
53581924
64289723
10660560
85769596
46196413
77155759
88404901
95682394
24535857
36037836
67261070
71327355
74344852
88017015
38097282
56262929
39085410
23901546
29642431
17639729
22788577
47236123
22139266
44305419
43072883
23634877
46088930
76335539
49511802
34199519
60616905
12219421
23057767
90519475
32025744
80745128
16957666
97921770
24655030
33682001
67981584
85565370
52500669
11455112
69291267
21821569
43344802
98019871
86126148
57695363
61596023
15259231
68596213
81351888
46511774
96765493
14537126
13887425
31801764
88914570
65708471
49463712
10313527
83920048
54388453
66136518
46500088
90475890
36994849
10588211
98554976
43125877
95709933
61103159
55894761
96423355
33814178
23708243
31496711
65754585
40147340
55227503
46596146
86202192
46165459
37015569
71999130
77116379
74656764
29022907
21645815
62198743
72680329
53208161
42933246
93293647
19566396
77130757
93036143
99801124
26521594
82079601
15845323
44980821
97854794
96289169
31722225
66103036
54206186
54404364
33681174
36893414
98123963
14930607
44437284
92168522
17930158
56897405
96807556
61771987
37557691
51072910
13922970
86909771
45318940
59472918
76709986
99323667
97607849
78961303
67004355
95689559
17183396
49111388
88331963
37485655
43187509
75942714
97032307
58224879
29151224
54709487
21797466
36831655
82186071
61351626
91650722
48328085
88428842
16823992
31234982
43413009
69762531
51288502
52261340
38909374
19629400
84116210
50293094
41625398
37305246
17090302
95737671
96946774
70176912
45117359
35597491
99115811
50345327
90371736
72196863
20848343
10434979
92752670
77550391
37338636
34493088
87836750
39646724
57552582
70505840
23786131
19677340
91173492
15452713
66496103
91412807
39668845
25283328
61911730
74937844
10457951
74125918
87619522
93526301
18180751
57071056
40774999
12786804
20206659
47441230
69467358
57548233
40791559
49221704
32790093
19959364
37564995
96634342
90068960
81713479
44889998
81298025
92890455
84805331
72193318
32582390
42649260
50156985
67633399
47105532
15600228
35295921
10009901
27432890
27267156
99661625
44144122
85288342
28811303
18716507
60883009
87247637
94286413
54513267
17456732
18820680
80214983
38054931
27817188
73952508
66242531
51068123
99485992
15530185
72493486
41134841
45216147
47010854
37298704
57395559
21690137
55898677
36328857
60084487
84617196
23231763
37833161
95743913
38174966
85175726
75644765
47623583
53493776
88542660
80925855
75575043
19077712
91483165
75859526
12593050
95046312
66622746
82105999
97626158
97768646
48798130
98895073
23312589
53165475
83688587
17583682
11619591
97225535
34749648
10245162
87890516
75088830
55889061
26788466
11473445
15886124
74664900
67372267
79831173
58574945
89943609
71999980
14681728
11825590
37496899
91906209
93817497
68215572
62045676
72483272
98904942
82868455
24568415
71802127
22212307
24847676
60601891
27240689
68021550
23173489
80046401
91167526
87776158
93264305
67119540
64819240
43185593
85334796
75245693
17401185
18606829
56492591
43321554
42056566
25515527
35491908
10700406
62936746
92864722
50192233
86982564
95135600
49864024
89330501
66995877
33008786
34303940
86400461
16660353
22733943
52457959
55110930
50921042
12803092
63606617
42420035
64561204
45986802
73001144
98875719
96586840
58535255
81393292
31392111
52569784
71020692
20854091
98788828
29679461
94528107
45124216
71253101
12044156
28968986
67727845
67218786
70707895
56503304
51808922
66159634
11863691
91277518
38963141
28297183
81339092
78429842
54372655
93947316
37083533
99799178
30192769
34005147
36673506
26862158
27348351
31261627
99260206
72805392
29443474
12416150
61674413
24144373
93863606
30076729
98215164
98963665
73326247
92025849
78556256
82858177
70019106
92539590
48456223
44608493
65320089
49710061
72987848
33762170
55184557
52958365
16185961
44214780
84225633
46167443
85227552
50510445
76124382
66368501
96798850
34234081
58023574
47404884
59121432
81556290
77274879
89312933
17414605
24824866
48610949
34074890
12950956
32565935
53198772
56713344
10828310
79589774
38743010
67469641
61589767
95662540
76845816
25033677
27837406
27353539
24169912
80947525
39764595
60170978
80834335
45142072
76656639
22319575
96099422
94777446
60837673
76368338
10521331
20806362
50512172
20716130
19787108
20365603
30727335
60160763
98858904
36431900
32603650
84033944
28543314
51148774
29335415
52360701
59361226
20073975
51084996
24017046
17367146
56104652
28997868
35641723
30261282
44208954
95385764
41543829
27796712
21414626
13719905
19888090
87876816
35504195
71402620
73710132
52470467
56969962
11644414
89590015
90726879
55557444
17915662
47025457
32686059
48399636
34426100
11132565
60175349
18495103
39738441
90481328
14720138
92717893
26003517
84581188
40837010
96201738
22439045
52012914
15148357
55691474
59053663
93749242
64011086
67442444
64886339
17675551
60505722
21121861
43514920
38080166
48667549
91469309
76733167
82715138
43875735
49866992
82705655
57818764
38599529
54195488
52806069
48032365
42228212
23239004
37381409
35687042
91377748
25544212
96294218
25906298
50131990
96117271
39286712
17596342
99809095
69267193
32264472
12207057
95392997
22121931
36835162
16673053
26554601
24217523
31256288
71326216
45729442
45438009
52094845
35923145
48596839
31901085
59077946
52096501
46551944
45499943
69641415
22380189
14319690
21702684
14079996
29439253
90319488
24598092
44716170
92212176
20791874
85081929
13492162
90009959
94485453
19315378
92899202
15578936
94401527
22579757
42345656
81026475
45956813
62484595
41855252
92902928
95464907
28040836
93077070
35930148
70715190
12079100
21403793
77194931
86924954
36886910
20730627
74480727
20787164
53068876
17411313
51133790
41318907
55194233
53236124
63110090
10863591
28694837
50531098
87980273
15592648
19146987
16193605
94648351
41384858
43398553
60158254
62975213
72590574
99646602
49133203
12283298
23794991
40117094
64506488
35276941
16451939
24270495
20567873
56549161
60506172
11733793
66440213
63567068
25032269
91627928
21018974
30021065
98031578
46723032
54585554
16367816
11490798
34822457
16034733
72995891
52445761
84713415
58964513
46663326
93735139
97831206
51429214
58578373
48930426
56975250
25589623
84000783
21855429
40536317
59559968
77905229
32733209
87013433
91055882
87948715
18469640
19912739
70285680
84056781
60912583
72388977
45843508
21233516
78328331
36434114
92127934
92378112
14885820
29975129
64983373
29523648
10242687
82652994
98411009
93304355
84723501
23638087
65192297
79765408
78357611
37977083
28818346
20564239
77221863
73244787
73410632
34806827
53358384
72450965
84274488
25184946
69643656
45380146
51409217
42825933
44774603
27973830
53149947
71379474
94823778
63826875
17316934
96609306
80588202
24655919
28960721
53676930
52064846
38959742
88514268
64754566
52566866
16335210
79231769
63893561
96552396
15405412
51694380
43368414
42082739
19832058
96179154
24102247
88927056
78799580
32762781
65251847
53398481
75179660
39842013
48398710
55838716
16067746
91861787
24827329
91598593
34444985
21334591
75096651
85206760
24711546
49813585
16716004
15529257
34287554
29936220
97565059
72419930
89543667
15201774
41098275
26837507
15304660
23727421
52125624
65936013
31624102
20109005
70089945
47066308
66520778
95820860
41825646
72042485
79638820
31606025
90865226
23758418
63014032
78549339
47692889
65691874
46537111
19207172
54306535
45289084
53924378
61837920
33030504
21109718
66921107
74211847
83625688
32781214
66444796
13665924
48496259
12572921
34754099
90428520
10458914
80169063
96031289
70931321
33997097
96301380
11318149
42201994
37910446
89301738
29877766
59057254
17466353
99938164
51408052
35521382
28289164
24146974
44192850
76082466
48413624
72274760
94272578
31965380
29744313
67238809
72900612
53434232
75509095
62980800
99127885
72283775
77417435
79642966
41960256
37837667
20770994
96366560
69215691
28194501
15178497
58879472
50899745
38019666
89722581
98218474
55594063
36411476
43061476
40739581
53765847
59212967
53823300
58554430
57215531
30151763
66604966
68272301
16180808
89457694
65078702
60572581
58987681
90435644
39674277
79308783
18171780
25643355
56350702
39102335
64695551
56198470
33060863
83489505
93628911
21554217
79014268
66508370
28383398
46179826
58364523
25494840
10095448
48809004
46552824
11686242
73438702
40934454
12492903
32299288
12023671
83857516
78733276
22525354
26538814
76485821
54218210
39044370
74845466
47426690
16848315
97576412
82115599
96034264
52682802
99813140
56747492
44795011
54018032
45124226
14193274
72750800
34093758
57645840
95514232
34355347
97683087
31221382
38527979
55960140
77611566
93336985
15495081
48851241
73274622
48388571
81994494
29096401
83424896
82871450
97771134
25085133
48641009
70590166
46136442
32152979
23464080
85250780
92664461
19610801
78240894
69673603
33110486
34526738
99039037
15187074
73050560
31796848
30462427
96883949
70007420
49056343
86319400
30689482
28168208
22783186
17290658
38174548
80514313
22417972
57237362
93905867
32850508
47323780
91931535
44792822
47947915
56655494
37926017
90449847
48729555
47853410
90143936
79753929
19800385
98160500
27529147
63715864
88469551
97343220
14624478
93830574
31964488
17436308
63876373
76015577
54747340
80425851
14930246
55274032
58748627
69317802
39277481
68962359
57075469
36152234
27250895
18375934
36246346
91597299
62397368
56398284
12822108
29909414
92369153
75692904
34833177
50128484
90366522
35328131
33858303
56744393
80660438
73395525
45517555
22472201
52277308
70990066
77057445
58462458
59591097
11268872
35101129
82079001
10719001
78345103
36907077
29949067
84646896
44177231
67002790
31482689
55413154
19432948
48354033
59320793
11562210
22596797
15369979
76153504
65117217
97331816
85877671
15964047
45224076
67264830
11323784
99499346
69086535
72316325
26510568
29683906
10564469
80897981
64375071
75168734
56469561
28871708
84830722
73393616
76228341
43959522
36480497
13852440
25204910
94997499
16789518
53122007
39573899
75847048
37729850
78980732
14375787
80006549
96400129
27089272
81872967
31800062
34798507
68747102
75749967
17892948
41127360
23014141
29436954
25370048
95786171
78793647
90452226
66731256
70582033
59150368
34565053
18663118
82879202
93348908
26762394
94672354
17593531
28028263
44518648
44897542
66802998
69556905
34698852
53996047
62050330
27779895
95029666
45998515
75342861
37212920
49275394
23789701
32512884
39427456
45480290
98842517
70328907
24098482
42953256
68715059
10522569
12990682
43407413
46360212
96712226
65403803
36743298
69612467
28867146
84325193
59648950
30254193
53416307
39460569
40152108
56159447
14258084
76907639
25901853
89110519
24875379
84341687
67300714
26417648
35126111
20362595
68232329
39033999
21350604
31924595
87793161
39089554
15566363
19445914
41506371
43674505
28281317
66728829
23027871
17047638
34963029
15671807
85165568
50678099
73912863
65116599
49635405
17323282
26516385
50006019
56218397
23484095
17655444
86088118
98904702
49914402
88679663
24302316
87774819
45051457
73546456
73982847
23086503
80539939
76671559
31633170
85409090
29746990
85504954
67183306
58496647
37731378
22972559
58811037
73701783
14660991
98517633
15705794
31937382
47504176
47313089
77036488
18674407
79682443
80653360
53794499
38041303
67302400
62205111
45311649
31890083
93495119
24898628
65528986
69477239
81983815
43084257
13736390
43029989
31067433
33514866
12860232
55161774
30564779
72813451
74600744
47024431
32004632
60874860
53006015
28595946
81543188
20416922
32386251
28338224
49685374
87656603
68217250
68343785
31765230
70326221
92038532
33684480
73644894
97823753
97776877
57166436
99103229
44872121
88439392
20951069
95034979
37079610
95544327
17289382
12571231
58249124
35731708
22361540
96032948
41875057
15518286
94092067
40050238
97527440
95682474
26176700
46581543
63975320
92072359
91601871
59055043
77190809
51063851
19985296
18703497
28022031
18344444
75489630
62100271
26768752
28847335
15781806
69528033
78827749
82236679
99624966
76739101
60115733
40997042
54470566
30176558
38287004
36497158
32905409
37082050
89467034
38085003
86170216
91789738
60158184
96192389
85336328
27965926
18086617
83939978
90828555
98497520
38334617
74013336
84422923
38644591
80674990
96645760
20989631
68936715
15190177
58204721
32837594
47048702
30355846
11407585
13961389
90700804
84048005
12823505
11268667
85099014
46504488
82184184
32897750
50532472
60659068
55662499
84280173
54648895
16237552
85137981
53985009
40882872
36691703
15372324
30706490
28455530
44933431
55811409
22713074
92986314
57442056
15515563
40712548
60819114
33469211
47964549
83993454
89054016
38827960
15342267
86751889
70841807
60373407
53467620
46489383
36862324
35974800
57138356
68146868
52949135
58552422
71921009
88027348
64740556
49645200
39683796
73018829
40554231
61807980
85208669
54284150
64776561
56710818
54001228
25964500
17071607
66443275
74470685
20117547
86944601
22369111
43575429
44923802
20954481
46115394
53895070
14952429
65782055
43882230
43043389
17252095
33325969
78018941
62534367
23265226
21381810
20949089
14825741
29413987
42280291
70489745
90800280
45655376
46958135
53066807
58765977
13470866
17180629
39268537
69448088
52766371
84251214
98110620
28393026
62739303
38050431
12069846
38393213
39721484
73079490
37764627
47284789
86384854
86377254
36918189
64876809
86651613
76021153
88791818
33548113
10465062
42230613
43166892
91493383
42883621
39897327
84435802
19961055
30364762
59425074
88124146
24074503
71563958
86002470
60364559
37070244
42121329
74505309
41875623
37052813
81051026
98738540
34689531
84322643
97561392
91784198
93963178
54066545
60061652
36464822
41177953
49595025
27457534
65738169
83263533
58753401
89068735
54187121
11296016
45277187
85008026
89784051
23297041
57960561
45925204
99892880
47795275
36064107
51508138
65672848
56228242
25797424
68872438
24776980
47049286
35625121
95315073
67493164
87454205
70815009
55538490
25429253
50274256
64572053
84031379
93952192
92713919
23637002
76290425
24508125
62146498
68910582
74837486
42458326
35512173
83524375
12840004
32153800
15582526
92130680
93714551
71787852
23116422
17614098
31717288
82578917
90225906
95880463
87057842
16837905
28120874
80283627
53706754
56686549
15207602
70513401
86462311
46633359
95854636
74889422
95414883
16411110
91988248
89506881
43987231
34431311
98151116
72123082
26232827
28178930
31665533
46700634
61299551
87612574
73952733
15444309
43352880
84488909
37185502
56849325
22735327
47235534
30990612
29342748
78863771
21689237
52956728
41968894
73221926
82747291
55265224
18049352
89377861
18169971
25934284
30631337
95976043
73392436
24640443
16432363
67184987
96476262
71445709
47127821
31130163
39309778
15451451
23717448
11980145
17983750
21346839
18077307
47801987
45943074
95810708
69886851
27300748
23789365
98808963
73573529
71747714
89234889
51812599
78642360
17358962
16211189
36095348
79035882
79758046
68869740
39488382
70556974
57820825
11245319
40561722
67135217
55650889
84150874
12251180
66909905
35192768
11962224
99302427
41855056
18314674
38430100
23706385
46356275
64216704
32031164
96491390
82556029
17050802
32306451
39694972
48884867
82852484
12850850
54106670
49537324
55434391
94614682
19495617
99188423
21530184
64381376
48142228
26032265
17722526
32534389
85640692
82872609
19864925
77281121
95515520
41420026
42182967
91667516
27006892
93611149
12880930
99082680
38152929
54685024
78058053
91962254
92069184
27176606
71591564
76464804
10431495
30768596
82773339
79630296
86574605
98537542
77623646
93167596
90451047
59342956
27530879
89943566
42334637
81632780
70650609
79244674
87972438
24225269
71219433
81267694
46711360
17816149
44923117
30190018
62512205
33317432
25609413
73429570
90323367
63735325
95622541
32741553
87005731
65628598
73523052
36399643
84046019
56748861
54223552
78941270
77144814
53760047
47349656
51898554
91713573
50031873
50809863
31010114
67782804
35030687
65598514
71665184
98318821
49424524
49761127
20477273
53531766
41705504
55335828
79084692
90356877
66968060
36791846
47463335
22700432
56329175
35492169
99189569
68962511
21617774
88632836
53553123
10395762
96732936
58573312
44594303
94834577
22824869
13230822
36535467
31514850
86137283
25271398
48840194
68151309
99743692
72905683
68137240
32073756
80944875
93099031
10587278
19500729
10652213
77952507
93707659
58642944
18896259
69141478
42949169
67366444
59691671
31653408
27090444
54002258
88903522
72528559
89481637
47134223
88028519
10735887
40960049
86316365
34931135
92114191
47888490
60987189
13539381
95428424
12983089
36687633
93837498
21799061
66100252
32480242
56772612
87030559
19934985
51067860
67812544
92628234
78973229
68480050
82518521
91414722
54880874
42989509
10310089
31412416
31891050
16685460
40032828
29123122
24660641
34801371
36163328
46621435
64024241
31707453
42904408
99105867
40837098
51902609
60649382
56610522
79043715
99490968
80900882
38579559
88154913
24631778
